1501, 1551
1551, 1601
1601, 1651
1651, 1701
1701, 1751
1751, 1801
1801, 1851
1851, 1901
1901, 1951
1951, 2001
2001, 2051
2051, 2101
2101, 2151
2151, 2201
2201, 2251
2251, 2301
2301, 2351
2351, 2401
2401, 2451
2451, 2501
2501, 2551
2551, 2601
2601, 2651
2651, 2701
2701, 2751
2751, 2801
2801, 2851
2851, 2901
2901, 2951
2951, 3001
3001, 3051
3051, 3101
3101, 3151
3151, 3201
3201, 3251
3251, 3301
3301, 3351
3351, 3401
3401, 3451
3451, 3501
3501, 3551
3551, 3601
3601, 3651
3651, 3701
3701, 3751
3751, 3801
3801, 3851
3851, 3901
3901, 3951
3951, 4001
4001, 4051
4051, 4101
4101, 4151
4151, 4201
4201, 4251
4251, 4301
4301, 4351
4351, 4401
4401, 4451
4451, 4501
4501, 4551
4551, 4601
4601, 4651
4651, 4694
